0101000
0011010
1000111
1101000
1100011
1001111
0101001
1110110
0111010
0001010
0011011
1011001
0101010
0111100
1010000
0011100
0000111
1010111
0000001
1110011
0100010
0001111
0100000
0000010
1000100
0011101
1110100
0001001
1011100
0100101
0110001
0110111
0010010
1010110
1000000
0001011
0101110
1011110
0100111
1101101
1011111
1001101
0010110
0110100
1000010
1001000
1011010
0010001
0000011
0010000
1111110
1100100
1100110
1010101
0101101
1100010
0001110
1111011
1001110
1111001
1000001
1101011
1010001
0110010
0100011
0100100
1101111
1110111
0110000
0010100
0001100
0101011
1101010
1111111
0000110
1000110
0111111
1110101
0101111
1111100
1001011
0010011
1111000
1110000
0111001
1000011
0100001
1011000
0100110
0111110
1101100
1111010
1010100
1101110
0011111
0110011
1111101
0110110
0011000
1100001
0011110
1110001
0111101
1010011
1110010
0011001
1001100
0111011
1001001
1100111
0111000
0000101
0110101
0001101
1101001
1011011
1100000
1010010
0010111
1001010
0001000
1000101
0000000
0101100
1100101
0010101
0000100
1011101
