01001111
00010110
11101010
01000110
01000001
10100010
00011111
11001111
01100101
10010100
00100011
10100101
01001101
11111100
10101000
10000100
10101110
00101011
10100001
01110001
10110101
11101000
11100010
01000010
00111000
01011111
10111000
01100110
10011111
11100101
11000111
10000101
00001111
00110111
10011001
00010000
00001011
11111000
11111010
11010010
00010111
00110010
01110111
10110010
00100110
11001101
11001000
11110001
10100100
11111101
10110111
01100001
11100000
00101100
01100100
00110011
11001001
00100010
11000001
01111101
01010000
00100101
01011000
01100011
00000100
11001110
01110101
00010010
10111111
10001110
11110011
11110100
10001011
11110101
00011110
10010010
00011001
01001100
01110110
00110001
10110000
01011001
10010110
01000111
01001110
10001100
11001100
01011110
01011100
01100010
10111001
10101010
00010001
11110111
10010111
11000101
10100111
10100110
11111111
00100001
10001010
00100111
11011001
11101001
01101101
00110101
00101001
10000001
10000010
00101110
10100000
00110110
11110010
10010011
11111001
01111010
10111100
01011101
11010000
01001011
01100000
10110001
10101100
11010110
01110000
01101010
10011101
10011010
00010011
10001001
00001100
10101011
00001010
00111110
11100001
11101110
10111110
01010100
11100110
11111110
00111010
11011110
01101011
00001101
01000000
00110000
11011101
10101101
11101111
01011011
11110110
11011000
01010010
11100100
00000110
11110000
10011011
10010000
10000011
00011000
00000101
10001111
11001010
11000000
01101110
01010110
00100100
11100111
01101111
00011011
00111101
00101101
11000110
00101010
10001101
01010101
10110011
01000101
10111010
11011111
11011010
01111111
00110100
00000000
01000100
01001010
11010101
10001000
01101000
10101001
01110011
01111100
00011010
11010111
01011010
10000000
11010011
00111001
10111011
00101000
00111111
00001000
00000011
11101100
00001001
01101100
10011100
11010100
00000001
01001000
11001011
10100011
01010111
00111011
11011100
00000111
11101101
00011100
11101011
00001110
10110110
01110010
01111001
10011110
01110100
00010101
10101111
01001001
10010001
10000110
00010100
00111100
10110100
11011011
10111101
10010101
00100000
11100011
00011101
01100111
11000010
11000100
01111000
00000010
01000011
10011000
11000011
01111011
01010001
11111011
10000111
01101001
11010001
01111110
00101111
01010011
