000000011
001011100
100110010
011101101
010010011
111110110
001101011
110011011
001000111
111110000
000111001
001010111
011011111
000101010
010001101
110010011
101001111
000000101
001000001
001100110
010111010
011110010
010000101
111000011
111110111
010001110
101000111
111010111
100010101
100111010
111010011
110001011
010100110
001010110
101000001
001001001
010000000
101000011
100010000
011000011
100011111
011111101
011101111
111000010
100111111
111011011
110011111
110000100
110100110
110001010
110000101
110010001
100101000
001010011
101100100
010101010
101111101
011100101
100100011
101011111
111001011
101100001
000011110
100100110
010110110
110110101
000110110
111101011
001111100
000100000
111111111
110011100
100010100
110011000
000010100
110110100
111010000
011100011
000011100
111000001
000011101
101111100
011111111
100110110
111000000
001011010
110111101
011111100
111111000
100111011
011111110
000010110
010000010
000011111
011001010
101010011
110101000
111100000
110101111
010111011
111011001
011100000
010010101
001111000
111110001
001100111
001000010
010011010
111010110
111110100
011101100
100101011
100100000
010110001
101010101
111100011
100101001
000001010
011010100
001100101
011110111
101100000
111010001
000111110
011101010
001111101
010010000
111101010
110011110
101011010
111110010
100011100
011001000
010011101
111000110
111111110
101011100
110100100
000101100
101001110
011000110
011110001
010011011
000000001
010001011
010011001
001100100
011001110
110011010
011011110
000011001
010000011
100000011
101100110
100100101
001100000
000111100
001010100
011010010
110100001
000010010
100011110
001110010
011111010
011000010
001101001
100010011
010101100
111001000
011000001
100011011
001101100
100110011
011011101
101111000
110111011
101101011
110110111
110101100
101111011
000101101
001001000
000000100
011000111
000100001
101001010
111111001
101101001
101111001
001101101
010101101
010101011
001001011
110000111
010110111
011010001
111010101
000010111
110110010
111101001
111100111
100111100
011010011
001111011
000110111
010111111
100101111
000111101
101110101
111001110
101100010
100101110
010010111
110001111
011011100
101100111
010011110
101111010
001111001
000100011
101000101
001011001
100110101
100001100
000110101
010001100
000111000
101000110
001100010
110000000
111110011
101101111
001000100
100010001
101110010
100100010
001001111
011000101
100110001
101000100
111001101
110111100
011000000
000101001
001011110
010101110
110110001
010011000
110101110
000010001
101100011
001011101
010000111
010100000
100111000
100110100
011100111
011010000
001001100
110000110
100000001
000101011
110011001
010001001
010011100
101000010
101110111
010100101
110010010
111100110
010101001
110111001
101110110
101101000
001000101
011011010
101110000
110010000
110001001
101101101
101100101
001101010
011100100
111001001
111011110
010010001
000111010
011110000
100001000
010100100
001111111
010111100
000001001
011001001
000011010
111100010
100101010
110101001
010100111
000000111
010111000
000110010
110111111
111111010
101110011
001111010
111001100
100100111
101001000
110101010
100110000
110001110
100000100
101011011
111000111
100001001
000101110
011000100
110000010
111000101
110110110
000000010
001101110
000010101
000010011
010110100
110100000
010010010
010110101
101001100
011101001
111100100
111000100
000001110
100010010
100011000
010100010
100100100
001001101
110001000
011111011
100001101
001111110
100010111
000001000
011101110
011001101
100000111
100101101
011010101
111111101
110111110
100000110
001010010
001010101
010111110
101010010
011110110
010011111
000010000
001011000
000100101
100000101
100101100
010101111
110101101
001100011
101101110
011110011
100111110
001110100
111011010
111001010
101011000
011111001
000110011
111010010
100010110
011100010
101010000
000000000
101111111
000100100
110110011
110111010
001110101
011011000
110000001
101101100
111011101
001101111
101001001
000110100
110100101
000111111
011010111
110010110
000001100
111110101
101010111
000100010
011101011
001101000
110111000
111101101
110100010
001000011
001100001
010110010
011110101
001110011
111010100
100111101
010010110
011001100
101001011
110101011
000001101
110010111
110100111
011001111
000011000
111011100
011100001
100110111
010001111
110011101
001011011
001001110
111111011
101101010
010001000
010111001
110100011
000110001
100011001
010100011
001110000
100100001
101011110
001110111
011011001
000011011
010111101
100001111
010000100
011111000
111101111
000100111
101110100
101111110
100000000
011100110
001010000
000111011
100011010
000101111
111011111
110010101
111101100
000101000
111100101
111111100
001000000
001011111
100001011
000110000
110001101
111011000
101000000
010110011
011101000
000001111
100000010
001000110
101011101
111001111
101010001
000000110
100011101
111101110
100111001
110001100
111100001
010000110
001110110
011011011
010110000
001110001
100001010
111101000
010010100
011010110
101010100
010001010
101110001
101010110
011001011
011110100
010101000
001001010
100001110
010000001
110000011
110010100
010100001
101001101
000001011
101011001
001010001
110110000
000100110
